change = 0.01;
%Time 46 days
t =[1 3+1  11+1 21+1 27+1 35+1 37+1 39+1 46+1 59+1 74+1 118+1 150+1 162+1 181+1 212+1 220+1 252+1 257+1 274+1 275+1 292+1 307+1 319+1 324+1 327+1 341+1 345+1 350+1 367+1 372+1 385+1 406+1 436+1 466+1 496+1 526+1 556+1 586+1 616+1 646+1 676+1 706+1 707+1 ];

%%



%%

%R0 1.1
alpha1=0.998*[0.6601  0.4884 0.4896 0.3474 0.2316 0.2548 0.2548 0.318 0.3474 0.3358 0.3242 0.3242 0.3474 0.4400 0.4053 0.3706  0.4879 0.4174 0.3574 0.3574 0.3274 0.3574 0.394 0.354 0.354 0.404 0.304 0.344 0.448 0.448 0.474 0.388 0.41*ones(1,11)];
%R0 1.27
alpha2=0.998*[0.6601  0.4884 0.4896 0.3474 0.2316 0.2548 0.2548 0.318 0.3474 0.3358 0.3242 0.3242 0.3474 0.4400 0.4053 0.3706  0.4879 0.4174 0.3574 0.3574 0.3274 0.3574 0.394 0.354 0.354 0.404 0.304 0.344 0.448 0.448 0.474 0.388 0.478*ones(1,11)];
%R0 0.9
alpha3=0.998*[0.6601  0.4884 0.4896 0.3474 0.2316 0.2548 0.2548 0.318 0.3474 0.3358 0.3242 0.3242 0.3474 0.4400 0.4053 0.3706  0.4879 0.4174 0.3574 0.3574 0.3274 0.3574 0.394 0.354 0.324 0.404 0.304 0.344 0.448 0.448 0.474 0.388 0.3204*ones(1,11)];
%Open-Close
alpha4=0.998*[0.6601  0.4884 0.4896 0.3474 0.2316 0.2548 0.2548 0.318 0.3474 0.3358 0.3242 0.3242 0.3474 0.4400 0.4053 0.3706  0.4879 0.4174 0.3574 0.3574 0.3274 0.3574 0.394 0.354 0.354 0.404 0.304 0.344 0.448 0.448 0.474 0.388 0.478 0.3204  0.478  0.3204  0.478  0.3204 0.478  0.3204 0.478 0.3204 0.478 ];
%Close-Open
alpha5=0.998*[0.6601  0.4884 0.4896 0.3474 0.2316 0.2548 0.2548 0.318 0.3474 0.3358 0.3242 0.3242 0.3474 0.4400 0.4053 0.3706  0.4879 0.4174 0.3574 0.3574 0.3274 0.3574 0.394 0.354 0.354 0.404 0.304 0.344 0.448 0.448 0.474 0.388 0.3204 0.478 0.3204  0.478  0.3204 0.478  0.3204 0.478  0.324 0.478 0.324];
%adapted
alpha6=0.998*[0.6601  0.4884 0.4896 0.3474 0.2316 0.2548 0.2548 0.318 0.3474 0.3358 0.3242 0.3242 0.3474 0.4400 0.4053 0.3706  0.4879 0.4174 0.3574 0.3574 0.3274 0.3574 0.394 0.354 0.354 0.404 0.304 0.344 0.448 0.448 0.474 0.42 0.1316  0.1025450 0.1025450 0.474 0.6474 0.474 0.648 0.8448 0.8448 0.648 0.648];
%alpha6 + 1%
alpha7 = alpha6 + alpha6*change;
%alpha6 - 1%
alpha8 = alpha6 - alpha6*change;

beta=[ 0.0120 0.0060 0.0060 0.0053 0.0053 0.0053 0.0053 0.0053 0.0053 0.0053 0.0053 0.0053 0.0053 0.0053 0.0053 0.0053 0.0053 0.0053 0.0053 0.0053 0.0053 0.0053 0.0053 0.0053 0.0053 0.0053 0.0053 0.0053 0.0053  0.0053 0.0053 0.0053 0.0053 0.0053 0.0053 0.0053 0.0053 0.0053 0.0053  0.0053 0.0053 0.0053 0.0053];
beta2 = beta + beta*change;
beta3 = beta - beta*change;

gamma=[0.4514 0.2821 0.2821 0.1980 0.1089 0.1089 0.1089 0.1089 0.1089 0.1188 0.1188 0.1485 0.1485 0.1485 0.1485 0.1485 0.1485 0.1485 0.1485 0.1485 0.1485 0.1485 0.1485 0.1485 0.1485 0.1485 0.1485 0.1485 0.1485 0.1485 0.1485  0.1485 0.1485 0.1485 0.1485 0.1485 0.1485 0.1485 0.1485  0.1485 0.1485 0.1485  0.1485];
gamma2 = gamma + gamma*change;
gamma3 = gamma - gamma*change;

delta=[0.0113 0.0056 0.0056 0.0050 0.0050 0.0050 0.0050 0.0050 0.0050 0.0050 0.0050 0.0050 0.0050 0.0050 0.0050 0.0050 0.0050 0.0050 0.0050 0.0050 0.005 0.0050 0.0050 0.0050 0.0050 0.0050 0.0050 0.0050 0.005 0.0050 0.0050 0.005 0.005 0.0050 0.0050 0.005 0.005 0.0050 0.0050  0.005 0.0050 0.0050  0.005];
delta2 = delta + delta*change;
delta3 = delta - delta*change;

epsilon=[0.1703 0.1703 0.1419 0.1419 0.1419 0.1419 0.1992 0.2988 0.2988 0.2988 0.2988 0.6972 0.2490 0.2988 0.2590 0.2294 0.3137 0.2868 0.2868 0.2988 0.2988 0.2988 0.2988 0.2988 0.3988 0.3988 0.1988 0.2988 0.3088 0.2988 0.2988 0.2988 0.2988 0.2988 0.2988 0.2988 0.2988 0.2988 0.2988 0.2988 0.2988 0.2988  0.2988];
epsilon2 = epsilon + epsilon*change;
epsilon3 = epsilon - epsilon*change;

theta=[0.3705 0.3705 0.3705 0.3705 0.3705 0.3705 0.3705 0.5000 0.5000 0.5000 0.5000 0.5000 0.5000 0.6000 0.3000 0.6000 0.3700 0.3700 0.3700 0.37 0.3700 0.3700  0.3700 0.3700 0.37 0.3700 0.3700 0.3700 0.37 0.37 0.3700 0.37 0.37 0.3700 0.37 0.3700 0.3700 0.37 0.37 0.3700 0.37 0.37 0.37];    
theta2 = theta + theta*change;
theta3 = theta - theta*change;

zeta=[0.1254 0.1254 0.1254 0.0340 0.0340 0.0341 0.0250 0.0250 0.0015 0 0.0001 0.0001 0.0005 0.0020 0.0030 0.0020 0.0046 0.0025 0.0025  0.0025 0.0025 0.0025 0.0025 0.0025 0.0025 0.0025 0.0025 0.0025 0.0025 0.0025 0.0025 0.0025 0.0025 0.0025 0.0025 0.0025 0.0025 0.0025 0.0025 0.0025 0.0025 0.0025 0.0025];
zeta2 = zeta + zeta*change;
zeta3 = zeta - zeta*change;

eta=[0.1054 0.1054 0.1054 0.0286 0.0286 0.0286 0.0286 0.0210 0.0015 0 0 0 0.0005 0.0020 0.0031 0.0026 0.0030 0.0013 0.0013 0.001 0.001 0.0015 0.0018 0.0018 0.0018  0.0018 1*[0.0018 0.0018 0.0018 0.0018 0.0018] 0.0018 0.0018 0.0018 0.0018 0.0018 0.0018 0.0018 0.0018 0.0018 0.0018 0.0018 0.0018];
eta2 = eta + eta*change;
eta3 = eta - eta*change;

mu=[0.0205 0.0205 0.0205 0.0096 0.0084 0.0036 0.0036 0.0036 0 0 0 0.0036 0.0036 0 0.0024 0.0036 0.060 0.1200 0.1200 0. 0.1200 0.12 0.12  0.12 0.12 0.12 0.12 0.12 0.12 0.12 0.12 0.12 0.12 0.12 0.12 0.12 0.12 0.12 0.12 0.12 0.12 0.12 0.12];
mu2 = mu + mu*change;
mu3 = mu - mu*change;

nu=[0.03 0.03 0.01 0.010 0.01 0.008 0.007 0.006 0.005 0.0040 0.025 0.025 0.0026 0.0026 0.0026 0.002 0.002 0.002 0.002 0.02 0.02 0.02 0.02 0.02 0.02 0.02 0.02  0.02 0.02 0.02 0.02 0.02 0.02 0.02 0.02 0.02 0.02 0.02 0.02 0.02 0.02 0.02 0.02];
nu2 = nu + nu*change;
nu3 = nu - nu*change;

tau2=[0.00  0.00  0.000  0.000 0.000 0.000 0.035 0.045 0.045 0.045 0.4500  0.45000  0.0200 0.000 0.000 0.00000 0.0000 0.0005 0.0005 1*[0.17 0.170 0.17 0.17  0.17 0.17 0.17 0.17 0.17 0.17 0.17 0.17 0.17 0.17 0.17 0.17 0.17  0.17 0.17] 0.17 0.17 0.17 0.17 0.17 ];
tau22 = tau2 + tau2*change;
tau23 = tau2 - tau2*change;

tau1= [0.0200 0.0200 0.0200 0.0200 0.0200 0.0200 0.0200 0.0500 0.0100 0.0100 0      0     0    0    0    0       0.018 0.018 0.018 0.001 0.001 0.005 0.001 0.005 0.005 0.005 0.005 0.005 0.005 0.005 0.005 0.005 0.005 0.005  0.05 0.02 0.01 0.005  0.005 0.005 0.005 0.005 0.005 ];
tau12 = tau1 + tau1*change;
tau13 = tau1 - tau1*change;

lambda=[0.0482 0.0482 0.0482 0.1128 0.1128 0.1128 0.1128 0.1128 0.1128 0.1128 0.1128 0.1128 0.1128 0.1128 0.1128 0.1128 0.1128 0.1128 0.1128 0.1128 0.1128 0.1128 0.1128 0.1128 0.1128 1*[0.1128 0.1128 0.112 0.1128] 1*[0.1128 0.1128 0.1128 0.1128 0.1128 0.1128 0.1128  0.1128 0.1128 0.1128 0.1128 0.1128 0.1128] 0.1128];
lambda2 = lambda + lambda*change;
lambda3 = lambda - lambda*change;

rho=[0.0342 0.0342 0.0342 0.0170 0.0170 0.0170 0.0200 0.0220 0.0220 0.0450 0.0450 0.0450 0.0200 0.0180 0.0180 0.018 0.0180 0.0180 0.0320 0.0320 0.03200 0.03200 0.03200 0.03200 0.03200 0.03200 0.032 0.03200 0.032 0.032 0.032 0.032 0.03200 0.032 0.032 0.03200  0.03200 0.03200 0.032  0.032 0.032 0.032 0.032];
rho2 = rho + rho*change;
rho3 = rho - rho*change;

kappa=[0.0171 0.0171 0.0171 0.0171 0.0171 0.0171 0.0200 0.0220 0.0220 0.0350 0.0350 0.0350 0.0200 0.020 0.020 0.020 0.020 0.0200 0.0200 0.020 0.02 0.02 0.020 0.020 0.020 0.020 0.020 0.020 0.020 0.02 0.02 0.020 0.020 0.02 0.02 0.02 0.020 0.02 0.02 0.02 0.02 0.02  0.02];
kappa2 = kappa + kappa*change;
kappa3 = kappa + kappa*change;

csi=[0.00025 0.00025 0.00025 0.00025 0.00025 0.00025 0.00025 0.0083 0.0083 0.0207 0.0120 0.0120 0.0037 0.0019 0.0019 0.00067 0.000670 0.000670 0.000150 0.022 0.0220 0.0220 0.0320 0.0220 0.0220 0.032 0.0320 0.0120 0.022 0.012 0.0022 0.002 0.0220 0.022  0.0220 0.0220 0.022 0.0220 0.022 0.022 0.022 0.022 0.022 ];
csi2 = csi + csi*change;
csi3 = csi - csi*change;

sigma=[0.0513 0.0513 0.0513 0.0513 0.0513 0.0513 0.0300 0.0300 0.0600 0.0750 0.0030 0 0 0 0.0240 0.0240 0.0240 0.0240 0.0240 0.0024 0.0240 0.0240 0.0240 0.0240 0.0240 0.0240 0.0240 0.0240 0.0240 0.024 0.0240 0.024 0.024 0.0240 0.024 0.024 0.0240 0.024  0.024 0.024 0.024 0.024 0.024 ];
sigma2 = sigma + sigma*change;
sigma3 = sigma - sigma*change;